7 0.055556 0.055556 0.111111 0.111111
1 0.277778 0.055556 0.111111 0.111111
2 0.388889 0.055556 0.111111 0.111111
5 0.166667 0.166667 0.111111 0.111111
1 0.388889 0.166667 0.111111 0.111111
4 0.722222 0.166667 0.111111 0.111111
3 0.944444 0.166667 0.111111 0.111111
8 0.055556 0.277778 0.111111 0.111111
4 0.166667 0.277778 0.111111 0.111111
2 0.277778 0.277778 0.111111 0.111111
0 0.500000 0.277778 0.111111 0.111111
2 0.055556 0.388889 0.111111 0.111111
8 0.166667 0.388889 0.111111 0.111111
0 0.944444 0.388889 0.111111 0.111111
5 0.055556 0.500000 0.111111 0.111111
0 0.277778 0.500000 0.111111 0.111111
2 0.611111 0.500000 0.111111 0.111111
7 0.833333 0.500000 0.111111 0.111111
1 0.500000 0.611111 0.111111 0.111111
0 0.611111 0.611111 0.111111 0.111111
0 0.166667 0.722222 0.111111 0.111111
4 0.500000 0.722222 0.111111 0.111111
7 0.722222 0.722222 0.111111 0.111111
1 0.055556 0.833333 0.111111 0.111111
2 0.166667 0.833333 0.111111 0.111111
6 0.388889 0.833333 0.111111 0.111111
7 0.500000 0.833333 0.111111 0.111111
8 0.722222 0.833333 0.111111 0.111111
5 0.944444 0.833333 0.111111 0.111111
3 0.055556 0.944444 0.111111 0.111111
7 0.166667 0.944444 0.111111 0.111111
5 0.277778 0.944444 0.111111 0.111111
4 0.833333 0.944444 0.111111 0.111111
1 0.944444 0.944444 0.111111 0.111111
