0 0.500000 0.055556 0.111111 0.111111
1 0.833333 0.055556 0.111111 0.111111
3 0.944444 0.055556 0.111111 0.111111
7 0.055556 0.166667 0.111111 0.111111
3 0.277778 0.166667 0.111111 0.111111
6 0.500000 0.166667 0.111111 0.111111
5 0.944444 0.166667 0.111111 0.111111
4 0.055556 0.277778 0.111111 0.111111
3 0.388889 0.277778 0.111111 0.111111
6 0.722222 0.277778 0.111111 0.111111
5 0.611111 0.388889 0.111111 0.111111
1 0.722222 0.388889 0.111111 0.111111
0 0.166667 0.500000 0.111111 0.111111
1 0.500000 0.500000 0.111111 0.111111
7 0.833333 0.500000 0.111111 0.111111
7 0.277778 0.611111 0.111111 0.111111
8 0.388889 0.611111 0.111111 0.111111
6 0.277778 0.722222 0.111111 0.111111
0 0.611111 0.722222 0.111111 0.111111
1 0.944444 0.722222 0.111111 0.111111
0 0.055556 0.833333 0.111111 0.111111
2 0.500000 0.833333 0.111111 0.111111
5 0.722222 0.833333 0.111111 0.111111
8 0.944444 0.833333 0.111111 0.111111
2 0.055556 0.944444 0.111111 0.111111
7 0.166667 0.944444 0.111111 0.111111
3 0.500000 0.944444 0.111111 0.111111
